Agent-Rigor:
  AQ: 0.8603333333333333
  ATI: 0.8009999999999999
  Composite: 0.7547166666666666
  PF: 0.893
  RE: 0.8453333333333333
  VC: 0.4623333333333333
Agent-Skills:
  AQ: 0.7443333333333334
  ATI: 0.6353333333333333
  Composite: 0.6656666666666666
  PF: 0.204
  RE: 0.836
  VC: 0.8356666666666667
Baseline_ReAct:
  AQ: 0.26566666666666666
  ATI: 0.3606666666666667
  Composite: 0.2693666666666667
  PF: 0.16166666666666668
  RE: 0.44766666666666666
  VC: 0.12466666666666666
Superpowers:
  AQ: 0.792
  ATI: 0.728
  Composite: 0.5865166666666667
  PF: 0.25466666666666665
  RE: 0.8913333333333334
  VC: 0.33899999999999997
